0.995461416491497
0.9730223441809711
0.9674933345561729
0.9844033972705643
0.9617606191673564
0.9744133341698236
0.9725305549362314
0.9588942614729483
0.9906279018754568
0.9760924076393975
0.9837079022618062
0.9837079022618062
0.9796542603425636
0.9526697568393921
0.9574188937673925
0.97748339762825
0.9636433984009487
0.964135187617025
0.9391178410641488
0.9630322810802304
0.9556204922505037
0.9708514814666572
0.9381342626033329
0.9293314837560899
0.9450542622169834
0.9383379683673511
0.9347761156928484
0.9488198206841679
0.9555361145338004
0.9381342626033329
0.952466051075374
0.9484124091561315
0.9627441976281725
0.9756849961113611
0.9466140076105789
0.9484967868441712
0.9687649964690469
0.961641291091378
0.9785513538057693
0.9785513538057693
0.959962217621804
0.9668822172354546
0.948988576088911
0.9656949330106205
0.9771603637882532
0.9535340072242295
0.9559085757025616
0.9334695033633721
0.9334695033633721
0.9594704284057277
0.9320785133745196
0.9287203664353717
0.9405932087697045
0.9220040725857392
0.9451386399336867
0.9561122814665798
0.9487004926081894
0.9572995656914141
0.9503795660777634
0.9551287030057638
0.9575032714840959
0.9667978395474149
0.9686806187810071
0.9469370414505758
0.9640508099289853
0.9361671056817008
0.9504988941537419
0.9359633999176826
0.9371506841425169
0.9634396926369304
0.9529578403201137
0.9493959876169473
0.947021419167279
0.9575032714840959
0.9725305549362314
1.0002105534194974
1.0099969107275562
1.0172049938219285
1.0093014157474618
1.0455804873139525
1.0205631407610765
1.0283823411475033
1.0236332042195029
1.0391522769163781
1.0246167826803187
1.0350986349971356
1.0339113507436377
1.0432059188356204
1.0305532038331535
1.0310449930492296
1.0467677715387866
1.0327240665188038
1.0362859192219698
1.0350986349971356
1.040831350385952
1.0484468450083606
1.0374732034468042
1.0369814142307279
1.0434096245996387
1.0536877711524373
1.0420186346107863
1.0324359830667456
1.0183922780467627
1.0400514776891543
1.0503296242419529
1.0388641934643201
1.0305532038331535
1.039847771925136
1.0350986349971356
1.0422223403748045
1.0357941299772302
1.0403395611412123
1.035302340761154
1.039847771925136
1.0510251192220472
1.0439014138443785
1.0429178353835626
1.0474632665475447
1.0369814142307279
1.0527041926916214
1.0450886980692127
1.0479550557636208
1.0362859192219698
1.0520086976828633
1.0503296242419529
1.0508214134580292
1.0705978338668285
1.039847771925136
1.0405432669052306
1.0538914769164556
1.0567578346108637
1.0496341292331948
1.0572496238556035
1.0467677715387866
1.0545869719252137
1.0439014138443785
1.0445969088531366
1.0525004869276031
1.0560623396307693
1.0555705503860295
1.0503296242419529
1.0503296242419529
1.0513132027027687
1.0513132027027687
1.0538914769164556
1.0548750553772714
1.060607770766088
1.0562660453947876
1.0548750553772714
1.0527041926916214
1.0462759822940468
1.0443932030604548
1.0520086976828633
1.0525004869276031
1.0484468450083606
1.0455804873139525
1.0460722765300288
1.0548750553772714
1.0543832661611954
1.0567578346108637
1.0682232653884964
1.0496341292331948
1.0520086976828633
1.0536877711524373
1.061303265774846
1.0655606134867703
1.061303265774846
1.0448849923051944
1.0543832661611954
1.0513132027027687
1.0546713496132534
1.0527041926916214
1.0601159815500119
1.047259560754863
1.0531959819363612
1.0572496238556035
1.0496341292331948
1.0515169084667872
1.0531959819363612
1.061303265774846
1.0579451188643616
1.047259560754863
1.050125918449271
1.0503296242419529
1.050125918449271
1.0648651184780122
1.0443932030604548
1.0439014138443785
1.0653569076940883
1.0503296242419529
1.048650550772379
1.0484468450083606
1.0560623396307693
1.0496341292331948
1.0415268453660464
1.0508214134580292
1.0467677715387866
1.0503296242419529
1.0460722765300288
1.0529922761436794
1.054179560397177
1.0531959819363612
1.0455804873139525
1.0594204865412538
1.06298233924442
1.0508214134580292
1.0543832661611954
1.0484468450083606
1.0553668446220112
1.0525004869276031
1.047259560754863
1.0443932030604548
1.0420186346107863
1.0589286973251775
1.0506177076940109
1.048650550772379
1.0484468450083606
1.0453767815212707
1.0241249934355792
1.047259560754863
1.0415268453660464
1.0496341292331948
1.0572496238556035
1.0513132027027687
1.0572496238556035
1.0432059188356204
1.0484468450083606
1.0479550557636208
1.0362859192219698
1.0205631407610765
1.0448849923051944
1.0293659196083191
1.0295696253723374
1.038168698455562
1.0288741303635796
1.0155259203523546
1.003364994594627
1.0167132045771885
0.997140489961071
1.0049596903474978
0.9825206180369719
0.9892369118866043
1.0090133322667403
1.0063506803650137
0.9889488284058828
0.9992269749586814
0.9853869757313801
0.970359692250581
0.9779751868729897
0.9744133341698236
0.9686806187810071
0.9686806187810071
1.0009060484282553
0.9923069753450308
1.0027888276618477
1.0002105534194974
0.9861668484281779
0.9823169122442901
0.9930868480418286
1.0066387638170717
0.9770759861002135
0.9887451226418645
0.9868623434082724
0.9799423437946218
1.0009060484282553
0.9620487026194144
0.9718350599561368
0.9749051234145633
0.9539414187809295
0.9654068495585624
0.9644232710977465
0.9622524083834326
0.9608614183945802
0.9711395649473787
0.9682732072529706
0.9902204903474203
0.9818251230282139
0.9665941337833965
0.9656105553225808
0.9677814180082308
0.9651187660778409
0.9531615460841318
0.9570114822393561
0.9663060503313387
0.9534496295361898
0.9377268510752963
0.9579950607001719
0.9353522825969645
0.942967777219373
0.9539414187809295
0.9198332099000892
0.9338769149200721
0.9291277779920717
0.9565196929946163
0.9350641991449063
0.9259733368456056
0.9004642010479896
0.9416961153064991
0.9328933364592562
0.9310105572256638
