347.29141392
339.4629868
337.53405461
343.43354955
335.53405461
339.94826817
339.29141392
334.53405461
345.60512242
340.53405461
343.19090886
343.19090886
341.7766953
332.36248173
334.01933598
341.01933598
336.19090886
336.36248173
327.63455967
335.97770542
333.39191899
338.70562748
327.29141392
324.22034611
329.70562748
327.36248173
326.11984105
331.01933598
333.36248173
327.29141392
332.29141392
330.87720036
335.87720036
340.39191899
330.24978336
330.90663761
337.97770542
335.49242405
341.39191899
341.39191899
334.90663761
337.32085117
331.07821049
336.90663761
340.90663761
332.66399692
333.49242405
325.66399692
325.66399692
334.73506474
325.17871555
324.00714267
328.1492783
321.66399692
329.73506474
333.56349186
330.97770542
333.97770542
331.56349186
333.22034611
334.04877324
337.29141392
337.94826817
330.36248173
336.33304448
326.60512242
331.60512242
326.53405461
326.94826817
336.11984105
332.4629868
331.22034611
330.39191899
334.04877324
339.29141392
348.94826817
352.36248173
354.87720036
352.11984105
364.7766953
356.04877324
358.7766953
357.11984105
362.53405461
357.4629868
361.11984105
360.70562748
363.94826817
359.53405461
359.70562748
365.19090886
360.29141392
361.53405461
361.11984105
363.11984105
365.7766953
361.94826817
361.7766953
364.01933598
367.60512242
363.53405461
360.19090886
355.29141392
362.84776311
366.43354955
362.43354955
359.53405461
362.7766953
361.11984105
363.60512242
361.36248173
362.94826817
361.19090886
362.7766953
366.67619023
364.19090886
363.84776311
365.43354955
361.7766953
367.26197667
364.60512242
365.60512242
361.53405461
367.01933598
366.43354955
366.60512242
373.50461736
362.7766953
363.01933598
367.67619023
368.67619023
366.19090886
368.84776311
365.19090886
367.91883092
364.19090886
364.43354955
367.19090886
368.43354955
368.26197667
366.43354955
366.43354955
366.7766953
366.7766953
367.67619023
368.01933598
370.01933598
368.50461736
368.01933598
367.26197667
365.01933598
364.36248173
367.01933598
367.19090886
365.7766953
364.7766953
364.94826817
368.01933598
367.84776311
368.67619023
372.67619023
366.19090886
367.01933598
367.60512242
370.26197667
371.74725805
370.26197667
364.53405461
367.84776311
366.7766953
367.94826817
367.26197667
369.84776311
365.36248173
367.43354955
368.84776311
366.19090886
366.84776311
367.43354955
370.26197667
369.0904038
365.36248173
366.36248173
366.43354955
366.36248173
371.50461736
364.36248173
364.19090886
371.67619023
366.43354955
365.84776311
365.7766953
368.43354955
366.19090886
363.36248173
366.60512242
365.19090886
366.43354955
364.94826817
367.36248173
367.7766953
367.43354955
364.7766953
369.60512242
370.84776311
366.60512242
367.84776311
365.7766953
368.19090886
367.19090886
365.36248173
364.36248173
363.53405461
369.43354955
366.53405461
365.84776311
365.7766953
364.70562748
357.29141392
365.36248173
363.36248173
366.19090886
368.84776311
366.7766953
368.84776311
363.94826817
365.7766953
365.60512242
361.53405461
356.04877324
364.53405461
359.11984105
359.19090886
362.19090886
358.94826817
354.29141392
350.04877324
354.70562748
347.87720036
350.60512242
342.7766953
345.11984105
352.01933598
351.0904038
345.01933598
348.60512242
343.7766953
338.53405461
341.19090886
339.94826817
337.94826817
337.94826817
349.19090886
346.19090886
349.84776311
348.94826817
344.04877324
342.70562748
346.4629868
351.19090886
340.87720036
344.94826817
344.29141392
341.87720036
349.19090886
335.63455967
339.04877324
340.11984105
332.80613255
336.80613255
336.4629868
335.70562748
335.22034611
338.80613255
337.80613255
345.4629868
342.53405461
337.22034611
336.87720036
337.63455967
336.70562748
332.53405461
333.87720036
337.11984105
332.63455967
327.1492783
334.22034611
326.32085117
328.97770542
332.80613255
320.90663761
325.80613255
324.1492783
333.70562748
326.22034611
323.04877324
314.1492783
328.53405461
325.4629868
324.80613255
