421.54624792
414.64675298
413.71782079
417.33304448
421.54624792
419.13203436
416.98989873
398.74725805
413.30360723
417.37467504
418.54624792
425.44574285
423.54624792
422.61731573
422.78888861
426.20310217
424.71782079
427.03152929
424.37467504
420.47518011
423.13203436
424.13203436
425.78888861
425.20310217
418.37467504
416.37467504
417.61731573
422.27416998
419.78888861
415.78888861
419.51681067
415.68838354
416.34523779
404.27416998
417.07315985
409.83051917
410.97265479
409.48737342
406.90158698
415.90158698
409.24473273
410.48737342
409.65894629
409.83051917
409.65894629
405.65894629
403.07315985
405.7300141
400.7300141
402.48737342
406.65894629
409.00209204
411.17366492
406.00209204
407.17366492
408.93102423
413.4163056
413.24473273
416.14422766
413.31580054
419.14422766
418.14422766
415.65894629
413.83051917
415.90158698
407.4163056
405.68838354
411.17366492
412.48737342
415.65894629
411.00209204
411.4163056
413.4163056
412.93102423
408.03152929
405.96046148
401.13203436
397.54624792
397.37467504
393.54624792
395.96046148
389.37467504
393.96046148
393.78888861
393.71782079
395.85995642
393.54624792
394.13203436
389.64675298
390.47518011
381.81832586
388.30360723
384.30360723
392.13203436
393.37467504
392.78888861
387.47518011
389.23253942
391.67619023
388.91883092
387.01933598
386.43354955
383.84776311
384.36248173
388.84776311
393.01933598
386.36248173
378.04877324
380.94826817
379.70562748
381.4629868
380.94826817
390.70562748
385.36248173
383.04877324
387.29141392
391.87720036
386.63455967
386.19090886
392.19090886
393.60512242
396.84776311
395.84776311
390.7766953
393.36248173
395.19090886
389.70562748
387.53405461
389.11984105
394.01933598
392.43354955
394.11984105
395.11984105
395.4629868
395.22034611
387.70562748
390.29141392
384.04877324
387.87720036
391.70562748
394.11984105
391.53405461
394.94826817
392.04877324
392.22034611
397.53405461
396.36248173
395.70562748
395.29141392
397.36248173
402.01933598
392.53405461
393.7766953
394.01933598
391.01933598
395.26197667
392.60512242
392.01933598
393.01933598
386.84776311
392.67619023
388.67619023
389.33304448
390.0904038
391.0904038
393.84776311
394.26197667
394.43354955
392.0904038
392.26197667
399.33304448
391.84776311
390.26197667
394.0904038
390.91883092
388.16147161
394.98989873
399.33304448
394.74725805
388.01933598
384.67619023
392.74725805
392.26197667
394.43354955
400.91883092
400.01933598
400.19090886
403.01933598
396.87720036
403.19090886
402.36248173
397.7766953
399.84776311
392.01933598
392.43354955
392.84776311
394.60512242
394.84776311
394.60512242
390.7766953
388.60512242
397.01933598
396.43354955
392.7766953
389.94826817
397.26197667
393.43354955
389.19090886
387.70562748
393.60512242
393.01933598
396.74725805
400.98989873
398.91883092
397.0904038
398.7766953
396.36248173
392.7766953
393.7766953
397.7766953
402.43354955
399.60512242
390.63455967
398.11984105
395.53405461
400.7766953
404.91883092
404.23253942
409.20310217
407.20310217
412.85995642
413.03152929
418.37467504
415.71782079
420.37467504
413.71782079
411.47518011
409.23253942
416.47518011
417.64675298
419.88939367
418.71782079
420.96046148
421.06096654
420.88939367
421.71782079
415.47518011
411.40411229
417.64675298
415.06096654
420.64675298
423.54624792
421.13203436
416.78888861
429.93102423
423.68838354
425.37467504
425.78888861
425.88939367
424.64675298
426.81832586
423.33304448
423.74725805
421.33304448
421.0904038
427.88939367
425.23253942
422.88939367
416.40411229
415.88939367
418.54624792
417.78888861
421.96046148
418.20310217
416.54624792
412.88939367
419.54624792
416.64675298
418.30360723
423.37467504
421.37467504
415.64675298
416.96046148
415.13203436
414.30360723
415.30360723
416.54624792
415.54624792
416.54624792
420.13203436
416.47518011
419.13203436
413.71782079
418.37467504
419.61731573
424.93102423
418.03152929
421.1025971
418.93102423
