1.0480540402367677
1.0309004216643343
1.0285908977636016
1.0375791162885195
1.0480540402367677
1.0420517895038124
1.0367259826372248
0.9913708801695827
1.0275610743522419
1.0376826187554982
1.0405953992543744
1.0577490178019455
1.0530264675583634
1.0507169436576305
1.051143510495709
1.0596319748894623
1.0559392480323775
1.0616916217121815
1.0550861143810828
1.045391136815905
1.0519966441470037
1.0544828578078016
1.0586021514781025
1.0571457612286643
1.0401688324162959
1.0351964050947002
1.0382858753536415
1.049863810006336
1.0436848695133156
1.0337400148701243
1.0430084256220857
1.0334901377921109
1.0351232178016139
1.0051119641119752
1.0369329875711821
1.018926235372316
1.0217658285532438
1.0180731017210214
1.0116442841499875
1.034020207097168
1.0174698451228779
1.020559315381819
1.0184996685342376
1.018926235372316
1.0184996685342376
1.0085548138910465
1.0021259963200126
1.0087315036511113
0.9963004353471223
1.0006696060954365
1.0110410275518442
1.0168665885247345
1.0222655826844087
1.009407947542341
1.0123207280412174
1.0166898987646695
1.0278412665792855
1.0274146997660691
1.0346234636704492
1.0275913895261342
1.0420821046528428
1.0395958909920449
1.0334169504990245
1.0288710900155074
1.034020207097168
1.0129239846144986
1.0086280011841326
1.0222655826844087
1.0255317427034147
1.0334169504990245
1.0218390158463302
1.02286883925769
1.0278412665792855
1.0266347534078608
1.014453562157023
1.0093044450753623
0.9972999436094517
0.9883849123776202
0.9879583455395418
0.9784400577344289
0.9844423084673842
0.9680686362531592
0.9794698811457886
0.9790433143325723
0.9788666245476453
0.984192431414233
0.9784400577344289
0.979896447983867
0.9687450801443889
0.9708047269919704
0.9492819376960848
0.9654057328322965
0.9554608781891052
0.9749240206622714
0.9780134908963505
0.9765571006717745
0.9633460860095769
0.9677152567330293
0.9737906947590709
0.9669353103748208
0.9622127601063765
0.9607563698818006
0.9543275523107668
0.9556072527752778
0.9667586206147559
0.9771300420711634
0.9605796800968734
0.9399100244771446
0.9471187883815246
0.9440293181225833
0.9483984888708977
0.9471187883815246
0.9713776683913593
0.9580934664360756
0.9523410927811337
0.9628892039976062
0.9742904488902356
0.9612561239881031
0.960153113283657
0.975070395248444
0.9785864323206015
0.9866483299011385
0.9841621162403407
0.9715543581762864
0.9779831757224582
0.9825290362308374
0.9688914547305615
0.9634924605957497
0.9674350645059856
0.9796162557319612
0.9756736518465875
0.9798661328099747
0.9823523464707725
0.9832054801220672
0.9826022235239238
0.9639190274089658
0.9703478449799997
0.9548273064419315
0.9643455942470444
0.9738638820521571
0.9798661328099747
0.973437315238941
0.9819257796326941
0.974717015728314
0.9751435825415303
0.9883545972037279
0.9854418167048516
0.9838087366953484
0.9827789132839888
0.9879280303656495
0.9995059650183438
0.9759235288997388
0.9790129991586799
0.9796162557319612
0.9721576147495677
0.9827057259909026
0.9761002186598037
0.9746438284103656
0.9771300420711634
0.9617861932931603
0.9762769084198687
0.9663320537766774
0.9679651337861805
0.969848090873697
0.9723343045344949
0.979189688918745
0.9802195123301047
0.9806460791681831
0.9748205181952927
0.9752470850085091
0.9928272703941587
0.9742172615971494
0.9702746576869135
0.9797929455168883
0.9719077376964165
0.9650523533121663
0.9820292820996727
0.9928272703941587
0.9814260255263916
0.9646989737671743
0.9563871991334861
0.9764535982047959
0.9752470850085091
0.9806460791681831
0.9967698743043947
0.9945335376967481
0.9949601045348265
1.0019921786791415
0.9867215171942247
1.00241874551722
1.0003590986696385
0.9889578538018712
0.994106970883532
0.9746438284103656
0.9756736518465875
0.9767034752579472
0.9810726459813993
0.9816759025795428
0.9810726459813993
0.9715543581762864
0.9661553640166124
0.9870748967143547
0.9856185064897788
0.9765267854978821
0.969494711328705
0.9876781533124982
0.9781598655073853
0.9676117542660505
0.9639190274089658
0.9785864323206015
0.9771300420711634
0.9863984528479872
0.9969465640644596
0.991797446982799
0.9872515864992818
0.991444067462669
0.9854418167048516
0.9765267854978821
0.9790129991586799
0.9889578538018712
1.0005357884545656
0.9935037142853884
0.9712009786312944
0.9898109874531659
0.9833821698821322
0.9964164947842646
1.006714728947586
1.0050084616449966
1.0173663426558994
1.0123939153343038
1.0264580636477958
1.026884630461012
1.0401688324162959
1.0335633250851972
1.0451412597378915
1.0285908977636016
1.0230152138687247
1.0174395299489856
1.0354462821727137
1.0383590626467278
1.0439347465664668
1.0410219660675908
1.0465976499873297
1.046847527040481
1.0464209602272647
1.0484806070499841
1.0329600685119158
1.0228385240837976
1.0383590626467278
1.031930245075694
1.0458177036291212
1.0530264675583634
1.047024216825408
1.036226228530922
1.0689003856414236
1.0533798470784934
1.0575723280418807
1.0586021514781025
1.0588520285312537
1.0557625582723125
1.0611615524319866
1.0524963982533064
1.0535262216895283
1.0475239709317108
1.0469207143584294
1.0638244558528493
1.0572189485217507
1.0513933875488604
1.0352695923877866
1.0339898919232755
1.0405953992543744
1.03871244219172
1.0490838636481274
1.0397422656030797
1.0356229719327787
1.0265312509408822
1.043081612915172
1.03587284898593
1.039992142656231
1.052599900720285
1.0476274733986894
1.0333866353251322
1.0366527953441385
1.032106934860621
1.0300472880130398
1.0325335016738375
1.0356229719327787
1.0331367582719808
1.0356229719327787
1.0445380031646103
1.0354462821727137
1.0420517895038124
1.0285908977636016
1.0401688324162959
1.0432583026752371
1.0564693173374347
1.0393156987650012
1.0469510295074598
1.0415520353726477
