1.0203734554412367
0.9566966207754389
1.007808777496956
1.0049623637914165
1.0188688540268553
1.0331683519925745
1.0118342143475243
1.0253476968755888
1.0186386354427044
1.0040135592305386
1.0022787392320065
0.9963556932367763
1.0095435974954883
1.0025089578161572
1.0015601532552796
1.0108854097866464
0.992560474970359
0.9929534827006393
0.9980905132353087
0.9822864138781143
1.0032275437928841
0.9905954363647697
0.9936720686544601
1.0005439192105678
1.009869175764841
0.9960301149903298
1.013013237515459
0.9926279044312867
0.996423122697704
1.0126202297851787
0.9920721075777831
1.001464793592984
0.9982253721800701
0.9900117093328042
0.9951487398674734
1.0145852683907681
1.0197897284092712
1.0142596901443215
1.0186107052413362
1.0097458859011772
1.014327119605249
1.024601180697494
1.0008136370771845
1.010924909046206
1.0318660389838819
1.0137713227517455
1.012496939921515
1.0022228788292702
1.012266721337364
1.0155735722112054
1.0026158865366444
1.012266721337364
0.9996346139092496
0.9918813882531916
0.9973439970572137
0.9957719661819047
0.9945929430368761
1.0021833795697106
0.9913535216239623
0.9945929430368761
0.9993369658641712
0.9873280847504878
0.997995153573013
0.9856606942128833
0.9914209510848899
0.9978997939107173
0.9896861310634514
0.9937115679369258
1.003429832175667
0.9929929819601989
1.0008136370771845
1.0046088553436017
1.0031042539292203
1.0202501655775729
1.0025484570757166
1.0107621199229826
1.0180269782093707
1.0180269782093707
1.02640343017986
1.025684844203133
1.0221198445208666
1.010666760260687
1.0158037908182624
1.0213338290832121
1.0027786756827737
1.0128225181908677
0.9944975833745803
0.9929929819601989
1.0030368244682928
0.9929255524992713
0.9903093573778826
0.9939417865210767
0.9769586639959474
0.9693682274631128
0.995446387935458
0.9889675451096307
0.9730006566063067
0.9890349745705582
0.989983779131436
1.0053948707812563
1.009583096777954
1.008864510801227
1.0063436753421342
1.0172409627717163
1.0229337901598892
1.0116434950229327
0.9928301928369756
0.9916511696690408
0.9905395759849397
1.0050972227361779
1.0129178778531633
0.9895233419402282
0.9876257328184725
1.0003531998859765
0.9990113876177245
0.9915837402081131
0.9894559124793005
0.9932511307457178
0.973028586807675
0.9861490616054592
0.9924651153080634
1.0140294715372644
0.9896187016025237
0.9877210924807683
0.9900117093328042
0.9762005787596612
0.9868676475821861
0.9735169541773447
0.9845770307301502
1.002115950108783
0.985525835291028
1.0114412066401501
1.0017229423785028
0.9868676475821861
1.0082017852043301
1.0032949732538117
0.9869350770431138
0.9945929430368761
0.9924651153080634
0.9913535216239623
0.98549790508966
0.9915837402081131
0.9836002959449982
0.9730960162686025
0.9856606942128833
0.9959347553280342
0.9896861310634514
1.0062762458812065
0.9727704379992498
0.9944301539136526
0.988669897041646
0.9859862724593298
0.9861490616054592
0.9727983682006179
0.9871652956272646
0.9936441384759982
1.0103970423940705
0.9905675061634016
0.9976021458656388
0.9966533412818549
1.0024135981538616
0.9879513110649192
0.9841560927985017
0.9959347553280342
0.9976695753265664
0.9900791387937318
1.002088019907415
0.9824887022608971
1.0167805255805082
1.0146526978516957
1.0053948707812563
0.9935487788137026
1.0009764262004077
0.9885071079184227
1.000285770425049
1.002576387277085
0.9869350770431138
0.9893884830183729
0.9991067472800202
0.9802260156102293
0.9983207318423657
0.9910558735559777
0.9716193450555892
0.9971417086744309
0.9916116704094813
0.9967487009441506
1.0199804477338625
1.0113737771792226
1.0172293936906187
1.0025368880175254
1.0135969645474245
1.0079041371592516
1.0012625051872948
1.0157922217371649
1.0005439192105678
1.0097063866187115
1.0059111683522943
1.0145178389298404
1.013013237515459
1.0105598315401998
1.007090191520229
1.003457762377035
1.0145178389298404
1.0053553715216967
1.0110481989098696
1.0047995746681933
1.0013973641320562
0.9867048584360567
0.9863118507286824
0.9960301149903298
0.9927906935545099
0.9859862724593298
0.9897814907257472
0.9957045367209771
1.0063716055435021
1.0023461686929338
0.9715239853932934
0.9767284453888904
1.0050972227361779
0.9951487398674734
1.002576387277085
0.9951487398674734
0.9974393567195093
1.0008415672785524
1.0111156283707972
1.007090191520229
1.0168084557818764
1.0146806280530638
1.0108854097866464
1.0017903718394303
1.0113458469778542
1.0041484181523939
1.0049344335900483
1.0068320427347102
1.0172688929501783
0.9987811690106675
0.9985509504265166
0.9844816710678546
0.9833026478999197
0.9868676475821861
0.9929534827006393
1.0047321452072655
0.9826794215854884
0.9872606552895603
0.9762005787596612
0.9882094598504381
0.9965859118209274
1.0074157697666757
1.0005439192105678
1.0178526200050497
1.0001509115031937
1.026689509166747
1.027082516874121
1.0206036740482938
1.024791900022085
1.0173642526124738
1.0152364249065673
1.0114412066401501
1.028980126018783
1.0076459883737328
1.031663750578193
1.0204408849250703
1.0303219382870348
1.0308777351405385
1.0206036740482938
1.0013299346482225
1.0145178389298404
1.020996681755668
1.0105598315401998
1.013013237515459
0.9867048584360567
1.001167145524999
0.9954743181368262
0.991448881286258
0.9960301149903298
0.9899442798718766
1.0166456666586532
1.009380808372265
1.0040135592305386
1.0002183409641214
0.991448881286258
1.0105598315401998
1.0170386743660271
1.0115086361010777
0.9981579426962363
1.0029019655464375
0.9942952949688915
1.0025089578161572
1.009380808372265
1.006697183812855
0.9903372875792508
1.0021833795697106
1.001627582716207
1.0088924409796889
1.012131862415509
1.006601824127653
1.0092854487099692
1.0064390350044297
