445.45793616
417.65894629
439.97265479
438.7300141
444.80108191
451.0437226
441.7300141
447.62950904
444.70057685
438.31580054
437.55844123
434.97265479
440.7300141
437.65894629
437.24473273
441.31580054
433.31580054
433.48737342
435.7300141
428.83051917
437.97265479
432.45793616
433.80108191
436.80108191
440.87214973
434.83051917
442.24473273
433.34523779
435.00209204
442.07315985
433.1025971
437.20310217
435.78888861
432.20310217
434.44574285
442.93102423
445.20310217
442.78888861
444.68838354
440.81832586
442.81832586
447.30360723
436.91883092
441.33304448
450.47518011
442.57568517
442.01933598
437.53405461
441.91883092
443.36248173
437.70562748
441.91883092
436.40411229
433.01933598
435.40411229
434.71782079
434.20310217
437.51681067
432.78888861
434.20310217
436.27416998
431.03152929
435.68838354
430.30360723
432.81832586
435.64675298
432.06096654
433.81832586
438.06096654
433.50461736
436.91883092
438.57568517
437.91883092
445.40411229
437.67619023
441.26197667
444.43354955
444.43354955
448.0904038
447.7766953
446.22034611
441.22034611
443.4629868
445.87720036
437.7766953
442.16147161
434.16147161
433.50461736
437.88939367
433.47518011
432.33304448
433.91883092
426.50461736
423.19090886
434.57568517
431.74725805
424.7766953
431.7766953
432.19090886
438.91883092
440.74725805
440.43354955
439.33304448
444.0904038
446.57568517
441.64675298
433.43354955
432.91883092
432.43354955
438.78888861
442.20310217
431.98989873
431.16147161
436.71782079
436.13203436
432.88939367
431.96046148
433.61731573
424.78888861
430.51681067
433.27416998
442.68838354
432.03152929
431.20310217
432.20310217
426.17366492
430.83051917
425.00209204
429.83051917
437.48737342
430.24473273
441.55844123
437.31580054
430.83051917
440.14422766
438.00209204
430.85995642
434.20310217
433.27416998
432.78888861
430.23253942
432.88939367
429.40411229
424.81832586
430.30360723
434.78888861
432.06096654
439.30360723
424.67619023
434.13203436
431.61731573
430.44574285
430.51681067
424.68838354
430.96046148
433.78888861
441.1025971
432.44574285
435.51681067
435.1025971
437.61731573
431.30360723
429.64675298
434.78888861
435.54624792
432.23253942
437.47518011
428.91883092
443.88939367
442.96046148
438.91883092
433.74725805
436.98989873
431.54624792
436.68838354
437.68838354
430.85995642
431.93102423
436.17366492
427.93102423
435.83051917
432.65894629
424.17366492
435.31580054
432.90158698
435.14422766
445.28636329
441.52900398
444.08535316
437.6711396
442.49956672
440.01428535
437.11479041
443.45793616
436.80108191
440.80108191
439.14422766
442.90158698
442.24473273
441.17366492
439.65894629
438.07315985
442.90158698
438.90158698
441.38686835
438.65894629
437.17366492
430.75945135
430.58787848
434.83051917
433.4163056
430.44574285
432.1025971
434.68838354
439.34523779
437.58787848
424.13203436
426.40411229
438.78888861
434.44574285
437.68838354
434.44574285
435.44574285
436.93102423
441.4163056
439.65894629
443.90158698
442.97265479
441.31580054
437.34523779
441.51681067
438.37467504
438.71782079
439.54624792
444.1025971
436.03152929
435.93102423
429.78888861
429.27416998
430.83051917
433.48737342
438.62950904
429.00209204
431.00209204
426.17366492
431.4163056
435.07315985
439.80108191
436.80108191
444.3574311
436.62950904
448.21529548
448.38686835
445.55844123
447.38686835
444.14422766
443.21529548
441.55844123
449.21529548
439.90158698
450.38686835
445.48737342
449.80108191
450.0437226
445.55844123
437.14422766
442.90158698
445.7300141
441.17366492
442.24473273
430.75945135
437.07315985
434.58787848
432.83051917
434.83051917
432.17366492
443.83051917
440.65894629
438.31580054
436.65894629
432.83051917
441.17366492
444.00209204
441.58787848
435.75945135
437.83051917
434.07315985
437.65894629
440.65894629
439.48737342
432.34523779
437.51681067
437.27416998
440.44574285
441.85995642
439.44574285
440.61731573
439.37467504
